{
    "relativeGuide_dict": {
        "angBet_L_Crotch_gdeRoot": [
            [
                "bodyMergedShape.vtx[115146]", 
                "bodyMergedShape.vtx[55992]"
            ], 
            [
                [
                    1.0, 
                    0.0, 
                    0.0, 
                    0.0
                ], 
                [
                    0.0, 
                    1.0, 
                    0.0, 
                    0.0
                ], 
                [
                    0.0, 
                    0.0, 
                    1.0, 
                    0.0
                ], 
                [
                    0.0, 
                    0.0, 
                    0.0, 
                    1.0
                ]
            ], 
            [
                [
                    0.9441849535156109, 
                    -0.3280770966934925, 
                    0.029668032962978687, 
                    0.0
                ], 
                [
                    0.3279152559655091, 
                    0.9446509506824035, 
                    0.010303702242685092, 
                    0.0
                ], 
                [
                    -0.03140634426032905, 
                    -4.336808689942018e-18, 
                    0.9995066990972105, 
                    0.0
                ], 
                [
                    -1.1166105270385742, 
                    0.3964165449142456, 
                    -0.011375918984413147, 
                    1.0
                ]
            ], 
            [
                [
                    -0.2855640062824971, 
                    -0.9488208324070522, 
                    0.13487856132936346, 
                    0.0
                ], 
                [
                    -0.8579364351853105, 
                    0.3158148634728719, 
                    0.40522345093927237, 
                    0.0
                ], 
                [
                    -0.4270811064627089, 
                    2.7755575615628914e-17, 
                    -0.9042133202417384, 
                    0.0
                ], 
                [
                    1.3066139221191406, 
                    0.23868083953857422, 
                    -0.04983242601156235, 
                    1.0
                ]
            ]
        ], 
        "Hbfr_L_Finger0Rail4_SldGuideRoot": [
            [
                "bodyMergedShape.vtx[115146]", 
                "bodyMergedShape.vtx[55992]"
            ], 
            [
                [
                    1.0, 
                    0.0, 
                    0.0, 
                    0.0
                ], 
                [
                    0.0, 
                    1.0, 
                    0.0, 
                    0.0
                ], 
                [
                    0.0, 
                    0.0, 
                    1.0, 
                    0.0
                ], 
                [
                    0.0, 
                    0.0, 
                    0.0, 
                    1.0
                ]
            ], 
            [
                [
                    0.9441849535156109, 
                    -0.3280770966934925, 
                    0.029668032962978687, 
                    0.0
                ], 
                [
                    0.3279152559655091, 
                    0.9446509506824035, 
                    0.010303702242685092, 
                    0.0
                ], 
                [
                    -0.03140634426032905, 
                    -4.336808689942018e-18, 
                    0.9995066990972105, 
                    0.0
                ], 
                [
                    -1.1166105270385742, 
                    0.3964165449142456, 
                    -0.011375918984413147, 
                    1.0
                ]
            ], 
            [
                [
                    -0.2855640062824971, 
                    -0.9488208324070522, 
                    0.13487856132936346, 
                    0.0
                ], 
                [
                    -0.8579364351853105, 
                    0.3158148634728719, 
                    0.40522345093927237, 
                    0.0
                ], 
                [
                    -0.4270811064627089, 
                    2.7755575615628914e-17, 
                    -0.9042133202417384, 
                    0.0
                ], 
                [
                    1.3066139221191406, 
                    0.23868083953857422, 
                    -0.04983242601156235, 
                    1.0
                ]
            ]
        ], 
        "angBet_L_ElbowBot_gdeRoot": [
            [
                "bodyMergedShape.vtx[115146]", 
                "bodyMergedShape.vtx[55992]"
            ], 
            [
                [
                    1.0, 
                    0.0, 
                    0.0, 
                    0.0
                ], 
                [
                    0.0, 
                    1.0, 
                    0.0, 
                    0.0
                ], 
                [
                    0.0, 
                    0.0, 
                    1.0, 
                    0.0
                ], 
                [
                    0.0, 
                    0.0, 
                    0.0, 
                    1.0
                ]
            ], 
            [
                [
                    0.9441849535156109, 
                    -0.3280770966934925, 
                    0.029668032962978687, 
                    0.0
                ], 
                [
                    0.3279152559655091, 
                    0.9446509506824035, 
                    0.010303702242685092, 
                    0.0
                ], 
                [
                    -0.03140634426032905, 
                    -4.336808689942018e-18, 
                    0.9995066990972105, 
                    0.0
                ], 
                [
                    -1.1166105270385742, 
                    0.3964165449142456, 
                    -0.011375918984413147, 
                    1.0
                ]
            ], 
            [
                [
                    -0.2855640062824971, 
                    -0.9488208324070522, 
                    0.13487856132936346, 
                    0.0
                ], 
                [
                    -0.8579364351853105, 
                    0.3158148634728719, 
                    0.40522345093927237, 
                    0.0
                ], 
                [
                    -0.4270811064627089, 
                    2.7755575615628914e-17, 
                    -0.9042133202417384, 
                    0.0
                ], 
                [
                    1.3066139221191406, 
                    0.23868083953857422, 
                    -0.04983242601156235, 
                    1.0
                ]
            ]
        ], 
        "angBet_L_Finger0Rail5_gdeRoot": [
            [
                "bodyMergedShape.vtx[115146]", 
                "bodyMergedShape.vtx[55992]"
            ], 
            [
                [
                    1.0, 
                    0.0, 
                    0.0, 
                    0.0
                ], 
                [
                    0.0, 
                    1.0, 
                    0.0, 
                    0.0
                ], 
                [
                    0.0, 
                    0.0, 
                    1.0, 
                    0.0
                ], 
                [
                    0.0, 
                    0.0, 
                    0.0, 
                    1.0
                ]
            ], 
            [
                [
                    0.9441849535156109, 
                    -0.3280770966934925, 
                    0.029668032962978687, 
                    0.0
                ], 
                [
                    0.3279152559655091, 
                    0.9446509506824035, 
                    0.010303702242685092, 
                    0.0
                ], 
                [
                    -0.03140634426032905, 
                    -4.336808689942018e-18, 
                    0.9995066990972105, 
                    0.0
                ], 
                [
                    -1.1166105270385742, 
                    0.3964165449142456, 
                    -0.011375918984413147, 
                    1.0
                ]
            ], 
            [
                [
                    -0.2855640062824971, 
                    -0.9488208324070522, 
                    0.13487856132936346, 
                    0.0
                ], 
                [
                    -0.8579364351853105, 
                    0.3158148634728719, 
                    0.40522345093927237, 
                    0.0
                ], 
                [
                    -0.4270811064627089, 
                    2.7755575615628914e-17, 
                    -0.9042133202417384, 
                    0.0
                ], 
                [
                    1.3066139221191406, 
                    0.23868083953857422, 
                    -0.04983242601156235, 
                    1.0
                ]
            ]
        ], 
        "Orig_L_Thumb0Rail3_SldGuideRoot": [
            [
                "bodyMergedShape.vtx[115146]", 
                "bodyMergedShape.vtx[55992]"
            ], 
            [
                [
                    1.0, 
                    0.0, 
                    0.0, 
                    0.0
                ], 
                [
                    0.0, 
                    1.0, 
                    0.0, 
                    0.0
                ], 
                [
                    0.0, 
                    0.0, 
                    1.0, 
                    0.0
                ], 
                [
                    0.0, 
                    0.0, 
                    0.0, 
                    1.0
                ]
            ], 
            [
                [
                    0.9441849535156109, 
                    -0.3280770966934925, 
                    0.029668032962978687, 
                    0.0
                ], 
                [
                    0.3279152559655091, 
                    0.9446509506824035, 
                    0.010303702242685092, 
                    0.0
                ], 
                [
                    -0.03140634426032905, 
                    -4.336808689942018e-18, 
                    0.9995066990972105, 
                    0.0
                ], 
                [
                    -1.1166105270385742, 
                    0.3964165449142456, 
                    -0.011375918984413147, 
                    1.0
                ]
            ], 
            [
                [
                    -0.2855640062824971, 
                    -0.9488208324070522, 
                    0.13487856132936346, 
                    0.0
                ], 
                [
                    -0.8579364351853105, 
                    0.3158148634728719, 
                    0.40522345093927237, 
                    0.0
                ], 
                [
                    -0.4270811064627089, 
                    2.7755575615628914e-17, 
                    -0.9042133202417384, 
                    0.0
                ], 
                [
                    1.3066139221191406, 
                    0.23868083953857422, 
                    -0.04983242601156235, 
                    1.0
                ]
            ]
        ], 
        "angBet_L_Finger0Rail4_gdeRoot": [
            [
                "bodyMergedShape.vtx[115146]", 
                "bodyMergedShape.vtx[55992]"
            ], 
            [
                [
                    1.0, 
                    0.0, 
                    0.0, 
                    0.0
                ], 
                [
                    0.0, 
                    1.0, 
                    0.0, 
                    0.0
                ], 
                [
                    0.0, 
                    0.0, 
                    1.0, 
                    0.0
                ], 
                [
                    0.0, 
                    0.0, 
                    0.0, 
                    1.0
                ]
            ], 
            [
                [
                    0.9441849535156109, 
                    -0.3280770966934925, 
                    0.029668032962978687, 
                    0.0
                ], 
                [
                    0.3279152559655091, 
                    0.9446509506824035, 
                    0.010303702242685092, 
                    0.0
                ], 
                [
                    -0.03140634426032905, 
                    -4.336808689942018e-18, 
                    0.9995066990972105, 
                    0.0
                ], 
                [
                    -1.1166105270385742, 
                    0.3964165449142456, 
                    -0.011375918984413147, 
                    1.0
                ]
            ], 
            [
                [
                    -0.2855640062824971, 
                    -0.9488208324070522, 
                    0.13487856132936346, 
                    0.0
                ], 
                [
                    -0.8579364351853105, 
                    0.3158148634728719, 
                    0.40522345093927237, 
                    0.0
                ], 
                [
                    -0.4270811064627089, 
                    2.7755575615628914e-17, 
                    -0.9042133202417384, 
                    0.0
                ], 
                [
                    1.3066139221191406, 
                    0.23868083953857422, 
                    -0.04983242601156235, 
                    1.0
                ]
            ]
        ], 
        "Ctl_L_Triceps_StrGuideEnd": [
            [
                "bodyMergedShape.vtx[40794]", 
                "bodyMergedShape.vtx[57164]"
            ], 
            [
                [
                    0.09268050871322901, 
                    0.0, 
                    -0.9956958990096615, 
                    0.0
                ], 
                [
                    0.7127562763900681, 
                    0.6982670993736466, 
                    0.06634416627615072, 
                    0.0
                ], 
                [
                    0.6952616872597108, 
                    -0.7158373124756156, 
                    0.0647157499876603, 
                    0.0
                ], 
                [
                    3.630749392792181, 
                    13.360578580670115, 
                    0.23750731746488501, 
                    1.0
                ]
            ], 
            [
                [
                    0.6523184021544455, 
                    0.3561823281409974, 
                    -0.6690402464207441, 
                    0.0
                ], 
                [
                    -0.24865174505783247, 
                    0.9344164751972531, 
                    0.2550258037133416, 
                    0.0
                ], 
                [
                    0.7159979133282204, 
                    5.551115123125784e-17, 
                    0.6981024194984817, 
                    0.0
                ], 
                [
                    3.767157554626465, 
                    13.402477264404297, 
                    0.12832441926002502, 
                    1.0
                ]
            ], 
            [
                [
                    0.11819449518367231, 
                    -0.12674743420993503, 
                    0.9848680872225861, 
                    0.0
                ], 
                [
                    0.01510265155440833, 
                    0.9919350220257365, 
                    0.12584443569275497, 
                    0.0
                ], 
                [
                    -0.9928756071252347, 
                    4.163336342344338e-17, 
                    0.11915548151762478, 
                    0.0
                ], 
                [
                    3.4828414916992188, 
                    13.316768646240234, 
                    0.6953339576721191, 
                    1.0
                ]
            ]
        ], 
        "Orig_L_ThighInner_SldGuideRoot": [
            [
                "bodyMergedShape.vtx[115146]", 
                "bodyMergedShape.vtx[55992]"
            ], 
            [
                [
                    1.0, 
                    0.0, 
                    0.0, 
                    0.0
                ], 
                [
                    0.0, 
                    1.0, 
                    0.0, 
                    0.0
                ], 
                [
                    0.0, 
                    0.0, 
                    1.0, 
                    0.0
                ], 
                [
                    0.0, 
                    0.0, 
                    0.0, 
                    1.0
                ]
            ], 
            [
                [
                    0.9441849535156109, 
                    -0.3280770966934925, 
                    0.029668032962978687, 
                    0.0
                ], 
                [
                    0.3279152559655091, 
                    0.9446509506824035, 
                    0.010303702242685092, 
                    0.0
                ], 
                [
                    -0.03140634426032905, 
                    -4.336808689942018e-18, 
                    0.9995066990972105, 
                    0.0
                ], 
                [
                    -1.1166105270385742, 
                    0.3964165449142456, 
                    -0.011375918984413147, 
                    1.0
                ]
            ], 
            [
                [
                    -0.2855640062824971, 
                    -0.9488208324070522, 
                    0.13487856132936346, 
                    0.0
                ], 
                [
                    -0.8579364351853105, 
                    0.3158148634728719, 
                    0.40522345093927237, 
                    0.0
                ], 
                [
                    -0.4270811064627089, 
                    2.7755575615628914e-17, 
                    -0.9042133202417384, 
                    0.0
                ], 
                [
                    1.3066139221191406, 
                    0.23868083953857422, 
                    -0.04983242601156235, 
                    1.0
                ]
            ]
        ], 
        "Ctl_L_Finger3Rail1_SldGuideEnd": [
            [
                "bodyMergedShape.vtx[52248]", 
                "bodyMergedShape.vtx[30506]"
            ], 
            [
                [
                    -0.7250887509728766, 
                    -0.32747147896012324, 
                    -0.9400966050695625, 
                    0.0
                ], 
                [
                    0.8743435064259567, 
                    0.3465744709464894, 
                    -0.7950990265633419, 
                    0.0
                ], 
                [
                    0.4759649453125812, 
                    -1.1355269524493392, 
                    0.028439484484804985, 
                    0.0
                ], 
                [
                    5.569300189401407, 
                    9.956910600881981, 
                    0.8322711524067502, 
                    1.0
                ]
            ], 
            [
                [
                    0.8082564876508131, 
                    -0.09742948207187865, 
                    -0.5807141691000627, 
                    0.0
                ], 
                [
                    0.07912445102587123, 
                    0.9952424307791572, 
                    -0.05684914446716877, 
                    0.0
                ], 
                [
                    0.5834901639447106, 
                    6.245004513516506e-17, 
                    0.8121202057452915, 
                    0.0
                ], 
                [
                    5.5618438720703125, 
                    9.9593505859375, 
                    0.847893238067627, 
                    1.0
                ]
            ], 
            [
                [
                    0.8082564876508131, 
                    -0.09742948207187865, 
                    -0.5807141691000627, 
                    0.0
                ], 
                [
                    0.07912445102587123, 
                    0.9952424307791572, 
                    -0.05684914446716877, 
                    0.0
                ], 
                [
                    0.5834901639447106, 
                    6.245004513516506e-17, 
                    0.8121202057452915, 
                    0.0
                ], 
                [
                    5.551166534423828, 
                    9.961193084716797, 
                    0.8334877490997314, 
                    1.0
                ]
            ]
        ], 
        "Hbfr_L_Finger1Rail3_SldGuideRoot": [
            [
                "bodyMergedShape.vtx[115146]", 
                "bodyMergedShape.vtx[55992]"
            ], 
            [
                [
                    1.0, 
                    0.0, 
                    0.0, 
                    0.0
                ], 
                [
                    0.0, 
                    1.0, 
                    0.0, 
                    0.0
                ], 
                [
                    0.0, 
                    0.0, 
                    1.0, 
                    0.0
                ], 
                [
                    0.0, 
                    0.0, 
                    0.0, 
                    1.0
                ]
            ], 
            [
                [
                    0.9441849535156109, 
                    -0.3280770966934925, 
                    0.029668032962978687, 
                    0.0
                ], 
                [
                    0.3279152559655091, 
                    0.9446509506824035, 
                    0.010303702242685092, 
                    0.0
                ], 
                [
                    -0.03140634426032905, 
                    -4.336808689942018e-18, 
                    0.9995066990972105, 
                    0.0
                ], 
                [
                    -1.1166105270385742, 
                    0.3964165449142456, 
                    -0.011375918984413147, 
                    1.0
                ]
            ], 
            [
                [
                    -0.2855640062824971, 
                    -0.9488208324070522, 
                    0.13487856132936346, 
                    0.0
                ], 
                [
                    -0.8579364351853105, 
                    0.3158148634728719, 
                    0.40522345093927237, 
                    0.0
                ], 
                [
                    -0.4270811064627089, 
                    2.7755575615628914e-17, 
                    -0.9042133202417384, 
                    0.0
                ], 
                [
                    1.3066139221191406, 
                    0.23868083953857422, 
                    -0.04983242601156235, 
                    1.0
                ]
            ]
        ], 
        "angBet_L_Thumb0Rail3_gdeRoot": [
            [
                "bodyMergedShape.vtx[115146]", 
                "bodyMergedShape.vtx[55992]"
            ], 
            [
                [
                    1.0, 
                    0.0, 
                    0.0, 
                    0.0
                ], 
                [
                    0.0, 
                    1.0, 
                    0.0, 
                    0.0
                ], 
                [
                    0.0, 
                    0.0, 
                    1.0, 
                    0.0
                ], 
                [
                    0.0, 
                    0.0, 
                    0.0, 
                    1.0
                ]
            ], 
            [
                [
                    0.9441849535156109, 
                    -0.3280770966934925, 
                    0.029668032962978687, 
                    0.0
                ], 
                [
                    0.3279152559655091, 
                    0.9446509506824035, 
                    0.010303702242685092, 
                    0.0
                ], 
                [
                    -0.03140634426032905, 
                    -4.336808689942018e-18, 
                    0.9995066990972105, 
                    0.0
                ], 
                [
                    -1.1166105270385742, 
                    0.3964165449142456, 
                    -0.011375918984413147, 
                    1.0
                ]
            ], 
            [
                [
                    -0.2855640062824971, 
                    -0.9488208324070522, 
                    0.13487856132936346, 
                    0.0
                ], 
                [
                    -0.8579364351853105, 
                    0.3158148634728719, 
                    0.40522345093927237, 
                    0.0
                ], 
                [
                    -0.4270811064627089, 
                    2.7755575615628914e-17, 
                    -0.9042133202417384, 
                    0.0
                ], 
                [
                    1.3066139221191406, 
                    0.23868083953857422, 
                    -0.04983242601156235, 
                    1.0
                ]
            ]
        ], 
        "Rig_L_ThighFront_SldGuidePath": [
            [
                "bodyMergedShape.vtx[115146]", 
                "bodyMergedShape.vtx[55992]"
            ], 
            [
                [
                    1.0, 
                    0.0, 
                    0.0, 
                    0.0
                ], 
                [
                    0.0, 
                    1.0, 
                    0.0, 
                    0.0
                ], 
                [
                    0.0, 
                    0.0, 
                    1.0, 
                    0.0
                ], 
                [
                    0.0, 
                    0.0, 
                    0.0, 
                    1.0
                ]
            ], 
            [
                [
                    0.9441849535156109, 
                    -0.3280770966934925, 
                    0.029668032962978687, 
                    0.0
                ], 
                [
                    0.3279152559655091, 
                    0.9446509506824035, 
                    0.010303702242685092, 
                    0.0
                ], 
                [
                    -0.03140634426032905, 
                    -4.336808689942018e-18, 
                    0.9995066990972105, 
                    0.0
                ], 
                [
                    -1.1166105270385742, 
                    0.3964165449142456, 
                    -0.011375918984413147, 
                    1.0
                ]
            ], 
            [
                [
                    -0.2855640062824971, 
                    -0.9488208324070522, 
                    0.13487856132936346, 
                    0.0
                ], 
                [
                    -0.8579364351853105, 
                    0.3158148634728719, 
                    0.40522345093927237, 
                    0.0
                ], 
                [
                    -0.4270811064627089, 
                    2.7755575615628914e-17, 
                    -0.9042133202417384, 
                    0.0
                ], 
                [
                    1.3066139221191406, 
                    0.23868083953857422, 
                    -0.04983242601156235, 
                    1.0
                ]
            ]
        ], 
        "Orig_L_ShoulderBack_SldGuideRoot": [
            [
                "bodyMergedShape.vtx[115146]", 
                "bodyMergedShape.vtx[55992]"
            ], 
            [
                [
                    1.0, 
                    0.0, 
                    0.0, 
                    0.0
                ], 
                [
                    0.0, 
                    1.0, 
                    0.0, 
                    0.0
                ], 
                [
                    0.0, 
                    0.0, 
                    1.0, 
                    0.0
                ], 
                [
                    0.0, 
                    0.0, 
                    0.0, 
                    1.0
                ]
            ], 
            [
                [
                    0.9441849535156109, 
                    -0.3280770966934925, 
                    0.029668032962978687, 
                    0.0
                ], 
                [
                    0.3279152559655091, 
                    0.9446509506824035, 
                    0.010303702242685092, 
                    0.0
                ], 
                [
                    -0.03140634426032905, 
                    -4.336808689942018e-18, 
                    0.9995066990972105, 
                    0.0
                ], 
                [
                    -1.1166105270385742, 
                    0.3964165449142456, 
                    -0.011375918984413147, 
                    1.0
                ]
            ], 
            [
                [
                    -0.2855640062824971, 
                    -0.9488208324070522, 
                    0.13487856132936346, 
                    0.0
                ], 
                [
                    -0.8579364351853105, 
                    0.3158148634728719, 
                    0.40522345093927237, 
                    0.0
                ], 
                [
                    -0.4270811064627089, 
                    2.7755575615628914e-17, 
                    -0.9042133202417384, 
                    0.0
                ], 
                [
                    1.3066139221191406, 
                    0.23868083953857422, 
                    -0.04983242601156235, 
                    1.0
                ]
            ]
        ], 
        "Orig_L_Thumb0Rail4_SldGuideRoot": [
            [
                "bodyMergedShape.vtx[115146]", 
                "bodyMergedShape.vtx[55992]"
            ], 
            [
                [
                    1.0, 
                    0.0, 
                    0.0, 
                    0.0
                ], 
                [
                    0.0, 
                    1.0, 
                    0.0, 
                    0.0
                ], 
                [
                    0.0, 
                    0.0, 
                    1.0, 
                    0.0
                ], 
                [
                    0.0, 
                    0.0, 
                    0.0, 
                    1.0
                ]
            ], 
            [
                [
                    0.9441849535156109, 
                    -0.3280770966934925, 
                    0.029668032962978687, 
                    0.0
                ], 
                [
                    0.3279152559655091, 
                    0.9446509506824035, 
                    0.010303702242685092, 
                    0.0
                ], 
                [
                    -0.03140634426032905, 
                    -4.336808689942018e-18, 
                    0.9995066990972105, 
                    0.0
                ], 
                [
                    -1.1166105270385742, 
                    0.3964165449142456, 
                    -0.011375918984413147, 
                    1.0
                ]
            ], 
            [
                [
                    -0.2855640062824971, 
                    -0.9488208324070522, 
                    0.13487856132936346, 
                    0.0
                ], 
                [
                    -0.8579364351853105, 
                    0.3158148634728719, 
                    0.40522345093927237, 
                    0.0
                ], 
                [
                    -0.4270811064627089, 
                    2.7755575615628914e-17, 
                    -0.9042133202417384, 
                    0.0
                ], 
                [
                    1.3066139221191406, 
                    0.23868083953857422, 
                    -0.04983242601156235, 
                    1.0
                ]
            ]
        ], 
        "Rig_L_DeltoidTop_StrGuidePath": [
            [
                "bodyMergedShape.vtx[115146]", 
                "bodyMergedShape.vtx[55992]"
            ], 
            [
                [
                    1.0, 
                    0.0, 
                    0.0, 
                    0.0
                ], 
                [
                    0.0, 
                    1.0, 
                    0.0, 
                    0.0
                ], 
                [
                    0.0, 
                    0.0, 
                    1.0, 
                    0.0
                ], 
                [
                    0.0, 
                    0.0, 
                    0.0, 
                    1.0
                ]
            ], 
            [
                [
                    0.9441849535156109, 
                    -0.3280770966934925, 
                    0.029668032962978687, 
                    0.0
                ], 
                [
                    0.3279152559655091, 
                    0.9446509506824035, 
                    0.010303702242685092, 
                    0.0
                ], 
                [
                    -0.03140634426032905, 
                    -4.336808689942018e-18, 
                    0.9995066990972105, 
                    0.0
                ], 
                [
                    -1.1166105270385742, 
                    0.3964165449142456, 
                    -0.011375918984413147, 
                    1.0
                ]
            ], 
            [
                [
                    -0.2855640062824971, 
                    -0.9488208324070522, 
                    0.13487856132936346, 
                    0.0
                ], 
                [
                    -0.8579364351853105, 
                    0.3158148634728719, 
                    0.40522345093927237, 
                    0.0
                ], 
                [
                    -0.4270811064627089, 
                    2.7755575615628914e-17, 
                    -0.9042133202417384, 
                    0.0
                ], 
                [
                    1.3066139221191406, 
                    0.23868083953857422, 
                    -0.04983242601156235, 
                    1.0
                ]
            ]
        ], 
        "Ctl_L_Finger2Bend3_StrGuideStart": [
            [
                "bodyMergedShape.vtx[34670]", 
                "bodyMergedShape.vtx[34670]"
            ], 
            [
                [
                    -0.02537476115937481, 
                    0.39079508411123803, 
                    1.1676507255655046, 
                    0.0
                ], 
                [
                    -1.0746608940261382, 
                    -0.5771022732073626, 
                    0.16979346952369312, 
                    0.0
                ], 
                [
                    0.6010266030136298, 
                    -1.015384194123801, 
                    0.3528949616762923, 
                    0.0
                ], 
                [
                    5.51031494140625, 
                    9.426795959472656, 
                    1.296462059020996, 
                    1.0
                ]
            ], 
            [
                [
                    -0.8922209123886613, 
                    0.43173801803378087, 
                    0.13245424598935016, 
                    0.0
                ], 
                [
                    0.4270577545897192, 
                    0.9019990486603978, 
                    -0.06339866292379133, 
                    0.0
                ], 
                [
                    -0.14684521695013356, 
                    -1.1102230246251563e-16, 
                    -0.9891594827220067, 
                    0.0
                ], 
                [
                    5.510797500610352, 
                    9.42513656616211, 
                    1.2965922355651855, 
                    1.0
                ]
            ], 
            [
                [
                    -0.8922209123886613, 
                    0.43173801803378087, 
                    0.13245424598935016, 
                    0.0
                ], 
                [
                    0.4270577545897192, 
                    0.9019990486603978, 
                    -0.06339866292379133, 
                    0.0
                ], 
                [
                    -0.14684521695013356, 
                    -1.1102230246251563e-16, 
                    -0.9891594827220067, 
                    0.0
                ], 
                [
                    5.510797500610352, 
                    9.42513656616211, 
                    1.2965922355651855, 
                    1.0
                ]
            ]
        ], 
        "angBet_L_ElbowTop_gdeRoot": [
            [
                "bodyMergedShape.vtx[115146]", 
                "bodyMergedShape.vtx[55992]"
            ], 
            [
                [
                    1.0, 
                    0.0, 
                    0.0, 
                    0.0
                ], 
                [
                    0.0, 
                    1.0, 
                    0.0, 
                    0.0
                ], 
                [
                    0.0, 
                    0.0, 
                    1.0, 
                    0.0
                ], 
                [
                    0.0, 
                    0.0, 
                    0.0, 
                    1.0
                ]
            ], 
            [
                [
                    0.9441849535156109, 
                    -0.3280770966934925, 
                    0.029668032962978687, 
                    0.0
                ], 
                [
                    0.3279152559655091, 
                    0.9446509506824035, 
                    0.010303702242685092, 
                    0.0
                ], 
                [
                    -0.03140634426032905, 
                    -4.336808689942018e-18, 
                    0.9995066990972105, 
                    0.0
                ], 
                [
                    -1.1166105270385742, 
                    0.3964165449142456, 
                    -0.011375918984413147, 
                    1.0
                ]
            ], 
            [
                [
                    -0.2855640062824971, 
                    -0.9488208324070522, 
                    0.13487856132936346, 
                    0.0
                ], 
                [
                    -0.8579364351853105, 
                    0.3158148634728719, 
                    0.40522345093927237, 
                    0.0
                ], 
                [
                    -0.4270811064627089, 
                    2.7755575615628914e-17, 
                    -0.9042133202417384, 
                    0.0
                ], 
                [
                    1.3066139221191406, 
