{
    "components_dict": {
        "armUI_L0": {
            "apos": [
                [
                    6.712363224952476,
                    11.920136233260852,
                    1.205530927512899
                ],
                [
                    6.712363224952451,
                    11.92013623326083,
                    2.2055309275128967
                ]
            ],
            "atra": [
                [
                    [
                        0.9999999999999967,
                        3.7470027081099033e-16,
                        -1.3877787807814457e-16,
                        0.0
                    ],
                    [
                        -3.2210345501937354e-14,
                        0.9999999999999981,
                        -8.271161533457416e-15,
                        0.0
                    ],
                    [
                        1.2906342661267445e-14,
                        -8.049116928532385e-15,
                        0.9999999999999991,
                        0.0
                    ],
                    [
                        6.712363224952476,
                        11.920136233260852,
                        1.205530927512899,
                        1.0
                    ]
                ],
                [
                    [
                        0.9999999999999978,
                        3.7470027081099073e-16,
                        -1.3877787807814472e-16,
                        0.0
                    ],
                    [
                        -3.2210345501937354e-14,
                        0.9999999999999981,
                        -8.271161533457416e-15,
                        0.0
                    ],
                    [
                        1.2906342661267442e-14,
                        -8.049116928532383e-15,
                        0.9999999999999989,
                        0.0
                    ],
                    [
                        6.712363224952451,
                        11.92013623326083,
                        2.2055309275128967,
                        1.0
                    ]
                ]
            ],
            "blade": {},
            "child_components": [],
            "param_values": {
                "Override_Color": false,
                "RGB_fk": [
                    0.0,
                    0.0,
                    1.0
                ],
                "RGB_ik": [
                    0.0,
                    0.25,
                    1.0
                ],
                "Use_RGB_Color": false,
                "color_fk": 6,
                "color_ik": 18,
                "comp_index": 0,
                "comp_name": "armUI",
                "comp_side": "L",
                "comp_type": "ui_host_01",
                "connector": "standard",
                "ctlGrp": "",
                "ctlSize": 1.0,
                "default_rotorder": 0,
                "icon": "cross",
                "ikrefarray": "",
                "isUiHost": true,
                "joint_names": "",
                "joint_rot_offset_x": 0.0,
                "joint_rot_offset_y": 0.0,
                "joint_rot_offset_z": 0.0,
                "k_ro": true,
                "k_rx": true,
                "k_ry": true,
                "k_rz": true,
                "k_sx": true,
                "k_sy": true,
                "k_sz": true,
                "k_tx": true,
                "k_ty": true,
                "k_tz": true,
                "neutralRotation": true,
                "parentJointIndex": -1,
                "uiHostType": "arm",
                "ui_host": "",
                "useIndex": false
            },
            "parent_fullName": "arm_L0",
            "parent_localName": "eff",
            "pos": {
                "root": [
                    6.712363224952476,
                    11.920136233260852,
                    1.205530927512899
                ],
                "sizeRef": [
                    6.712363224952451,
                    11.92013623326083,
                    2.2055309275128967
                ]
            },
            "tra": {
                "root": [
                    [
                        0.9999999999999967,
                        3.7470027081099033e-16,
                        -1.3877787807814457e-16,
                        0.0
                    ],
                    [
                        -3.2210345501937354e-14,
                        0.9999999999999981,
                        -8.271161533457416e-15,
                        0.0
                    ],
                    [
                        1.2906342661267445e-14,
                        -8.049116928532385e-15,
                        0.9999999999999991,
                        0.0
                    ],
                    [
                        6.712363224952476,
                        11.920136233260852,
                        1.205530927512899,
                        1.0
                    ]
                ],
                "sizeRef": [
                    [
                        0.9999999999999978,
                        3.7470027081099073e-16,
                        -1.3877787807814472e-16,
                        0.0
                    ],
                    [
                        -3.2210345501937354e-14,
                        0.9999999999999981,
                        -8.271161533457416e-15,
                        0.0
                    ],
                    [
                        1.2906342661267442e-14,
                        -8.049116928532383e-15,
                        0.9999999999999989,
                        0.0
                    ],
                    [
                        6.712363224952451,
                        11.92013623326083,
                        2.2055309275128967,
                        1.0
                    ]
                ]
            }
        },
        "armUI_R0": {
            "apos": [
                [
                    -6.71236322495247,
                    11.920136233260845,
                    1.2055309275128958
                ],
                [
                    -6.712363224952456,
                    11.920136233260813,
                    2.2055309275128945
                ]
            ],
            "atra": [
                [
                    [
                        -0.9999999999999968,
                        1.27675647831893e-15,
                        -2.6922908347160046e-15,
                        0.0
                    ],
                    [
                        3.072542220650121e-14,
                        0.9999999999999987,
                        -8.215650382226158e-15,
                        0.0
                    ],
                    [
                        -1.4988010832439613e-14,
                        -7.716050021144838e-15,
                        0.9999999999999987,
                        0.0
                    ],
                    [
                        -6.71236322495247,
                        11.920136233260845,
                        1.2055309275128958,
                        1.0
                    ]
                ],
                [
                    [
                        -0.9999999999999972,
                        1.2767564783189306e-15,
                        -2.6922908347160058e-15,
                        0.0
                    ],
                    [
                        3.072542220650118e-14,
                        0.9999999999999978,
                        -8.21565038222615e-15,
                        0.0
                    ],
                    [
                        -1.49880108324396e-14,
                        -7.716050021144832e-15,
                        0.9999999999999979,
                        0.0
                    ],
                    [
                        -6.712363224952456,
                        11.920136233260813,
                        2.2055309275128945,
                        1.0
                    ]
                ]
            ],
            "blade": {},
            "child_components": [],
            "param_values": {
                "Override_Color": false,
                "RGB_fk": [
                    0.0,
                    0.0,
                    1.0
                ],
                "RGB_ik": [
                    0.0,
                    0.25,
                    1.0
                ],
                "Use_RGB_Color": false,
                "color_fk": 6,
                "color_ik": 18,
                "comp_index": 0,
                "comp_name": "armUI",
                "comp_side": "R",
                "comp_type": "ui_host_01",
                "connector": "standard",
                "ctlGrp": "",
                "ctlSize": 1.0,
                "default_rotorder": 0,
                "icon": "cross",
                "ikrefarray": "",
                "isUiHost": true,
                "joint_names": "",
                "joint_rot_offset_x": 0.0,
                "joint_rot_offset_y": 0.0,
                "joint_rot_offset_z": 0.0,
                "k_ro": true,
                "k_rx": true,
                "k_ry": true,
                "k_rz": true,
                "k_sx": true,
                "k_sy": true,
                "k_sz": true,
                "k_tx": true,
                "k_ty": true,
                "k_tz": true,
                "neutralRotation": true,
                "parentJointIndex": -1,
                "uiHostType": "arm",
                "ui_host": "",
                "useIndex": false
            },
            "parent_fullName": "arm_R0",
            "parent_localName": "eff",
            "pos": {
                "root": [
                    -6.71236322495247,
                    11.920136233260845,
                    1.2055309275128958
                ],
                "sizeRef": [
                    -6.712363224952456,
                    11.920136233260813,
                    2.2055309275128945
                ]
            },
            "tra": {
                "root": [
                    [
                        -0.9999999999999968,
                        1.27675647831893e-15,
                        -2.6922908347160046e-15,
                        0.0
                    ],
                    [
                        3.072542220650121e-14,
                        0.9999999999999987,
                        -8.215650382226158e-15,
                        0.0
                    ],
                    [
                        -1.4988010832439613e-14,
                        -7.716050021144838e-15,
                        0.9999999999999987,
                        0.0
                    ],
                    [
                        -6.71236322495247,
                        11.920136233260845,
                        1.2055309275128958,
                        1.0
                    ]
                ],
                "sizeRef": [
                    [
                        -0.9999999999999972,
                        1.2767564783189306e-15,
                        -2.6922908347160058e-15,
                        0.0
                    ],
                    [
                        3.072542220650118e-14,
                        0.9999999999999978,
                        -8.21565038222615e-15,
                        0.0
                    ],
                    [
                        -1.49880108324396e-14,
                        -7.716050021144832e-15,
                        0.9999999999999979,
                        0.0
                    ],
                    [
                        -6.712363224952456,
                        11.920136233260813,
                        2.2055309275128945,
                        1.0
                    ]
                ]
            }
        },
        "arm_L0": {
            "apos": [
                [
                    2.0375570398728513,
                    15.327877756870377,
                    0.3153520211461751
                ],
                [
                    3.525802372832773,
                    13.014559547281086,
                    0.2179201183209618
                ],
                [
                    5.093393842207061,
                    10.830528913723954,
                    0.9885939815578604
                ],
                [
                    5.37897679314911,
                    10.411996712601349,
                    1.2055309275129167
                ]
            ],
            "atra": [
                [
                    [
                        0.5441844376301015,
                        -0.8389291950697992,
                        -0.00781687282399591,
                        0.0
                    ],
                    [
                        0.8375766769377211,
                        0.5437958517160628,
                        -0.05245361671379025,
                        0.0
                    ],
                    [
                        0.0482556534632813,
                        0.021997211549091643,
                        0.9985927671442947,
                        0.0
                    ],
                    [
                        2.0375570398728513,
                        15.327877756870377,
                        0.3153520211461751,
                        1.0
                    ]
                ],
                [
                    [
                        0.5726178542799624,
                        -0.8081931344023757,
                        0.13759596819923217,
                        0.0
                    ],
                    [
                        0.8190111148703989,
                        0.5714014806035285,
                        -0.052164563477690926,
                        0.0
                    ],
                    [
                        -0.03646349789235057,
                        0.1425629877245726,
                        0.9891138497930918,
                        0.0
                    ],
                    [
                        3.525802372832773,
                        13.014559547281086,
                        0.2179201183209618,
                        1.0
                    ]
                ],
                [
                    [
                        0.518139424046651,
                        -0.7593521704265529,
                        0.39359346859050975,
                        0.0
                    ],
                    [
                        0.8356811828289741,
                        0.5474557135422999,
                        -0.043922686341247505,
                        0.0
                    ],
                    [
                        -0.1821222059886147,
                        0.35167673078891026,
                        0.9182347080716675,
                        0.0
                    ],
                    [
                        5.093393842207061,
                        10.830528913723954,
                        0.9885939815578604,
                        1.0
                    ]
                ],
                [
                    [
                        0.5181394240466572,
                        -0.759352170426562,
                        0.3935934685905145,
                        0.0
                    ],
                    [
                        0.8356811828289715,
                        0.5474557135422983,
                        -0.04392268634124737,
                        0.0
                    ],
                    [
                        -0.18212220598861426,
                        0.35167673078890943,
                        0.9182347080716653,
                        0.0
                    ],
                    [
                        5.37897679314911,
                        10.411996712601349,
                        1.2055309275129167,
                        1.0
                    ]
                ]
            ],
            "blade": {},
            "child_components": [
                "meta_L0",
                "armUI_L0"
            ],
            "param_values": {
                "Override_Color": false,
                "RGB_fk": [
                    0.0,
                    0.0,
                    1.0
                ],
                "RGB_ik": [
                    0.0,
                    0.25,
                    1.0
                ],
                "Use_RGB_Color": false,
                "blend": 1.0,
                "color_fk": 6,
                "color_ik": 18,
                "comp_index": 0,
                "comp_name": "arm",
                "comp_side": "L",
                "comp_type": "arm_2jnt_freeTangentsOffset_01",
                "connector": "shoulder_01",
                "ctlGrp": "",
                "div0": 4,
                "div1": 4,
                "ikTR": false,
                "ikrefarray": "local_C0_root,shoulder_L0_tip,body_C0_root,spine_C0_root,spine_C0_eff",
                "joint_names": "",
                "joint_rot_offset_x": 0.0,
                "joint_rot_offset_y": 0.0,
                "joint_rot_offset_z": 0.0,
                "maxstretch": 1.5,
                "mirrorIK": true,
                "mirrorMid": true,
                "parentJointIndex": -1,
                "pinrefarray": "local_C0_root,shoulder_L0_tip,body_C0_root,spine_C0_root,spine_C0_eff",
                "sq_profile": [
                    0.0,
                    0.04357625845229151,
                    0.15026296018031554,
                    0.2839969947407963,
                    0.4087152516904583,
                    0.4883546205860256,
                    0.4883546205860256,
                    0.4087152516904583,
                    0.28399699474079637,
                    0.15026296018031549,
                    0.043576258452291405,
                    0.0
                ],
                "st_profile": [
                    0.0,
                    -0.04357625845229151,
                    -0.15026296018031554,
                    -0.2839969947407963,
                    -0.4087152516904583,
                    -0.4883546205860256,
                    -0.4883546205860256,
                    -0.4087152516904583,
                    -0.28399699474079637,
                    -0.15026296018031549,
                    -0.043576258452291405,
                    0.0
                ],
                "tPose": true,
                "ui_host": "armUI_L0_root",
                "upvrefarray": "local_C0_root,shoulder_L0_tip,body_C0_root,spine_C0_root,spine_C0_eff",
                "useIndex": false
            },
            "parent_fullName": "shoulder_L0",
            "parent_localName": "tip",
            "pos": {
                "eff": [
                    5.37897679314911,
                    10.411996712601349,
                    1.2055309275129167
                ],
                "elbow": [
                    3.525802372832773,
                    13.014559547281086,
                    0.2179201183209618
                ],
                "root": [
                    2.0375570398728513,
                    15.327877756870377,
                    0.3153520211461751
                ],
                "wrist": [
                    5.093393842207061,
                    10.830528913723954,
                    0.9885939815578604
                ]
            },
            "tra": {
                "eff": [
                    [
                        0.5181394240466572,
                        -0.759352170426562,
                        0.3935934685905145,
                        0.0
                    ],
                    [
                        0.8356811828289715,
                        0.5474557135422983,
                        -0.04392268634124737,
                        0.0
                    ],
                    [
                        -0.18212220598861426,
                        0.35167673078890943,
                        0.9182347080716653,
                        0.0
                    ],
                    [
                        5.37897679314911,
                        10.411996712601349,
                        1.2055309275129167,
                        1.0
                    ]
                ],
                "elbow": [
                    [
                        0.5726178542799624,
                        -0.8081931344023757,
                        0.13759596819923217,
                        0.0
                    ],
                    [
                        0.8190111148703989,
                        0.5714014806035285,
                        -0.052164563477690926,
                        0.0
                    ],
                    [
                        -0.03646349789235057,
                        0.1425629877245726,
                        0.9891138497930918,
                        0.0
                    ],
                    [
                        3.525802372832773,
                        13.014559547281086,
                        0.2179201183209618,
                        1.0
                    ]
                ],
                "root": [
                    [
                        0.5441844376301015,
                        -0.8389291950697992,
                        -0.00781687282399591,
                        0.0
                    ],
                    [
                        0.8375766769377211,
                        0.5437958517160628,
                        -0.05245361671379025,
                        0.0
                    ],
                    [
                        0.0482556534632813,
                        0.021997211549091643,
                        0.9985927671442947,
                        0.0
                    ],
                    [
                        2.0375570398728513,
                        15.327877756870377,
                        0.3153520211461751,
                        1.0
                    ]
                ],
                "wrist": [
                    [
                        0.518139424046651,
                        -0.7593521704265529,
                        0.39359346859050975,
                        0.0
                    ],
                    [
                        0.8356811828289741,
                        0.5474557135422999,
                        -0.043922686341247505,
                        0.0
                    ],
                    [
                        -0.1821222059886147,
                        0.35167673078891026,
                        0.9182347080716675,
                        0.0
                    ],
                    [
                        5.093393842207061,
                        10.830528913723954,
                        0.9885939815578604,
                        1.0
                    ]
                ]
            }
        },
        "arm_R0": {
            "apos": [
                [
                    -2.0375570398728513,
                    15.327877756870377,
                    0.3153520211461749
                ],
                [
                    -3.5258023728327728,
                    13.014559547281078,
                    0.21792011832096272
                ],
                [
                    -5.093393842207069,
                    10.830528913723946,
                    0.9885939815578607
                ],
                [
                    -5.37897679314911,
                    10.41199671260135,
                    1.205530927512913
                ]
            ],
            "atra": [
                [
                    [
                        -0.5441844376301015,
                        -0.8389291950697991,
                        -0.007816872823997132,
                        0.0
                    ],
                    [
                        -0.8375766769377212,
                        0.543795851716063,
                        -0.052453616713789376,
                        0.0
                    ],
                    [
                        -0.04825565346328117,
                        0.0219972115490903,
                        0.9985927671442966,
                        0.0
                    ],
                    [
                        -2.0375570398728513,
                        15.327877756870377,
                        0.3153520211461749,
                        1.0
                    ]
                ],
                [
                    [
                        -0.5726178542799607,
                        -0.8081931344023764,
                        0.1375959681992315,
                        0.0
                    ],
                    [
                        -0.8190111148703986,
                        0.5714014806035261,
                        -0.052164563477689926,
                        0.0
                    ],
                    [
                        0.03646349789235049,
                        0.14256298772457124,
                        0.9891138497930918,
                        0.0
                    ],
                    [
                        -3.5258023728327728,
                        13.014559547281078,
                        0.21792011832096272,
                        1.0
                    ]
                ],
                [
                    [
                        -0.5181394240466518,
                        -0.7593521704265512,
                        0.39359346859050803,
                        0.0
                    ],
                    [
                        -0.8356811828289727,
                        0.5474557135423017,
                        -0.04392268634124635,
                        0.0
                    ],
                    [
                        0.18212220598861517,
                        0.35167673078890727,
                        0.9182347080716665,
                        0.0
                    ],
                    [
                        -5.093393842207069,
                        10.830528913723946,
                        0.9885939815578607,
                        1.0
                    ]
                ],
                [
                    [
                        -0.5181394240466576,
                        -0.7593521704265597,
                        0.3935934685905124,
                        0.0
                    ],
                    [
                        -0.8356811828289705,
                        0.5474557135423003,
                        -0.043922686341246235,
                        0.0
                    ],
                    [
                        0.1821222059886149,
                        0.3516767307889067,
                        0.9182347080716651,
                        0.0
                    ],
                    [
                        -5.37897679314911,
                        10.41199671260135,
                        1.205530927512913,
                        1.0
                    ]
                ]
            ],
            "blade": {},
            "child_components": [
                "meta_R0",
                "armUI_R0"
            ],
            "param_values": {
                "Override_Color": false,
                "RGB_fk": [
                    0.0,
                    0.0,
                    1.0
                ],
                "RGB_ik": [
                    0.0,
                    0.25,
                    1.0
                ],
                "Use_RGB_Color": false,
                "blend": 1.0,
                "color_fk": 6,
                "color_ik": 18,
                "comp_index": 0,
                "comp_name": "arm",
                "comp_side": "R",
                "comp_type": "arm_2jnt_freeTangentsOffset_01",
                "connector": "shoulder_01",
                "ctlGrp": "",
                "div0": 4,
                "div1": 4,
                "ikTR": false,
                "ikrefarray": "local_C0_root,shoulder_R0_tip,body_C0_root,spine_C0_root,spine_C0_eff",
                "joint_names": "",
                "joint_rot_offset_x": 0.0,
                "joint_rot_offset_y": 0.0,
                "joint_rot_offset_z": 0.0,
                "maxstretch": 1.5,
                "mirrorIK": true,
                "mirrorMid": true,
                "parentJointIndex": -1,
                "pinrefarray": "local_C0_root,shoulder_R0_tip,body_C0_root,spine_C0_root,spine_C0_eff",
                "sq_profile": [
                    0.0,
                    0.04357625845229151,
                    0.15026296018031554,
                    0.2839969947407963,
                    0.4087152516904583,
                    0.4883546205860256,
                    0.4883546205860256,
                    0.4087152516904583,
                    0.28399699474079637,
                    0.15026296018031549,
                    0.043576258452291405,
                    0.0
                ],
                "st_profile": [
                    0.0,
                    -0.04357625845229151,
                    -0.15026296018031554,
                    -0.2839969947407963,
                    -0.4087152516904583,
                    -0.4883546205860256,
                    -0.4883546205860256,
                    -0.4087152516904583,
                    -0.28399699474079637,
                    -0.15026296018031549,
                    -0.043576258452291405,
                    0.0
                ],
                "tPose": true,
                "ui_host": "armUI_R0_root",
                "upvrefarray": "local_C0_root,shoulder_R0_tip,body_C0_root,spine_C0_root,spine_C0_eff",
                "useIndex": false
            },
            "parent_fullName": "shoulder_R0",
            "parent_localName": "tip",
            "pos": {
                "eff": [
                    -5.37897679314911,
                    10.41199671260135,
                    1.205530927512913
                ],
                "elbow": [
                    -3.5258023728327728,
                    13.014559547281078,
                    0.21792011832096272
                ],
                "root": [
                    -2.0375570398728513,
                    15.327877756870377,
                    0.3153520211461749
                ],
                "wrist": [
                    -5.093393842207069,
                    10.830528913723946,
                    0.9885939815578607
                ]
            },
            "tra": {
                "eff": [
                    [
                        -0.5181394240466576,
                        -0.7593521704265597,
                        0.3935934685905124,
                        0.0
                    ],
                    [
                        -0.8356811828289705,
                        0.5474557135423003,
                        -0.043922686341246235,
                        0.0
                    ],
                    [
                        0.1821222059886149,
                        0.3516767307889067,
                        0.9182347080716651,
                        0.0
                    ],
                    [
                        -5.37897679314911,
                        10.41199671260135,
                        1.205530927512913,
                        1.0
                    ]
                ],
                "elbow": [
                    [
                        -0.5726178542799607,
                        -0.8081931344023764,
                        0.1375959681992315,
                        0.0
                    ],
                    [
                        -0.8190111148703986,
                        0.5714014806035261,
                        -0.052164563477689926,
                        0.0
                    ],
                    [
                        0.03646349789235049,
                        0.14256298772457124,
                        0.9891138497930918,
                        0.0
                    ],
                    [
                        -3.5258023728327728,
                        13.014559547281078,
                        0.21792011832096272,
                        1.0
                    ]
                ],
                "root": [
                    [
                        -0.5441844376301015,
                        -0.8389291950697991,
                        -0.007816872823997132,
                        0.0
                    ],
                    [
                        -0.8375766769377212,
                        0.543795851716063,
                        -0.052453616713789376,
                        0.0
                    ],
                    [
                        -0.04825565346328117,
                        0.0219972115490903,
                        0.9985927671442966,
                        0.0
                    ],
                    [
                        -2.0375570398728513,
                        15.327877756870377,
                        0.3153520211461749,
                        1.0
                    ]
                ],
                "wrist": [
                    [
                        -0.5181394240466518,
                        -0.7593521704265512,
                        0.39359346859050803,
                        0.0
                    ],
                    [
                        -0.8356811828289727,
                        0.5474557135423017,
                        -0.04392268634124635,
                        0.0
                    ],
                    [
                        0.18212220598861517,
                        0.35167673078890727,
                        0.9182347080716665,
                        0.0
                    ],
                    [
                        -5.093393842207069,
                        10.830528913723946,
                        0.9885939815578607,
                        1.0
                    ]
                ]
            }
        },
        "body_C0": {
            "apos": [
                [
                    0.0,
                    10.926602449486781,
                    0.716317473849073
                ],
                [
                    8.82365820215254e-18,
                    10.926602449486795,
                    1.5221689788903467
                ]
            ],
            "atra": [
                [
                    [
                        3.3306690738755406e-16,
                        0.0,
                        1.5000000000000324,
                        0.0
                    ],
                    [
                        0.0,
                        1.4999999999999996,
                        0.0,
                        0.0
                    ],
                    [
                        -1.5000000000000324,
                        0.0,
                        3.3306690738755406e-16,
                        0.0
                    ],
                    [
                        0.0,
                        10.926602449486781,
                        0.716317473849073,
                        1.0
                    ]
                ],
                [
                    [
                        0.8058515050412862,
                        0.0,
                        0.0,
                        0.0
                    ],
                    [
                        0.0,
                        0.8058515050412863,
                        0.0,
                        0.0
                    ],
                    [
                        0.0,
                        0.0,
                        0.8058515050412862,
                        0.0
                    ],
                    [
                        8.82365820215254e-18,
                        10.926602449486795,
                        1.5221689788903467,
                        1.0
                    ]
                ]
            ],
            "blade": {},
            "child_components": [
                "spine_C0"
            ],
            "param_values": {
                "Override_Color": false,
                "RGB_fk": [
                    0.0,
                    0.0,
                    1.0
                ],
                "RGB_ik": [
                    0.0,
                    0.25,
                    1.0
                ],
                "Use_RGB_Color": false,
                "color_fk": 6,
                "color_ik": 18,
                "comp_index": 0,
                "comp_name": "body",
                "comp_side": "C",
                "comp_type": "control_01",
                "connector": "standard",
                "ctlGrp": "",
                "ctlSize": 3.0,
                "default_rotorder": 2,
                "globalScale": false,
                "icon": "square",
                "ikrefarray": "",
                "joint": false,
                "joint_names": "",
                "joint_rot_offset_x": 0.0,
                "joint_rot_offset_y": 0.0,
                "joint_rot_offset_z": 0.0,
                "k_ro": true,
                "k_rx": true,
                "k_ry": true,
                "k_rz": true,
                "k_sx": false,
                "k_sy": false,
                "k_sz": false,
                "k_tx": true,
                "k_ty": true,
                "k_tz": true,
                "mirrorBehaviour": false,
                "neutralRotation": true,
                "parentJointIndex": -1,
                "ui_host": "spineUI_C0_root",
                "uniScale": false,
                "useIndex": false
            },
            "parent_fullName": "local_C0",
            "parent_localName": "root",
            "pos": {
                "root": [
                    0.0,
                    10.926602449486781,
                    0.716317473849073
                ],
                "sizeRef": [
                    8.82365820215254e-18,
                    10.926602449486795,
                    1.5221689788903467
                ]
            },
            "tra": {
                "root": [
                    [
                        3.3306690738755406e-16,
                        0.0,
                        1.5000000000000324,
                        0.0
                    ],
                    [
                        0.0,
                        1.4999999999999996,
                        0.0,
                        0.0
                    ],
                    [
                        -1.5000000000000324,
                        0.0,
                        3.3306690738755406e-16,
                        0.0
                    ],
                    [
                        0.0,
                        10.926602449486781,
                        0.716317473849073,
                        1.0
                    ]
                ],
                "sizeRef": [
                    [
                        0.8058515050412862,
                        0.0,
                        0.0,
                        0.0
                    ],
                    [
                        0.0,
                        0.8058515050412863,
                        0.0,
                        0.0
                    ],
                    [
                        0.0,
                        0.0,
                        0.8058515050412862,
                        0.0
                    ],
                    [
                        8.82365820215254e-18,
                        10.926602449486795,
                        1.5221689788903467,
                        1.0
                    ]
                ]
            }
        },
        "eye_L0": {
            "apos": [
                [
                    0.3373949838055821,
