{
    "relativeGuide_dict": {
        "leg_L0_knee": [
            [
                "bodyMergedShape.vtx[1857]", 
                "bodyMergedShape.vtx[27190]"
            ], 
            [
                [
                    0.9982498021648847, 
                    0.05904869540965215, 
                    -0.0032533134149339143, 
                    0.0
                ], 
                [
                    -0.05840602978730402, 
                    0.9930270411083099, 
                    0.10240132475768665, 
                    0.0
                ], 
                [
                    0.009277292829391532, 
                    -0.10203208906056375, 
                    0.9947378471937685, 
                    0.0
                ], 
                [
                    1.217449867678363, 
                    5.489997320718446, 
                    0.4779850577892135, 
                    1.0
                ]
            ], 
            [
                [
                    -0.8837469885311473, 
                    -0.22165675624902004, 
                    0.4121401978347788, 
                    0.0
                ], 
                [
                    -0.20088556912839334, 
                    0.9751247522287405, 
                    0.09368407392294052, 
                    0.0
                ], 
                [
                    -0.4226538162350952, 
                    -7.632783294297952e-17, 
                    -0.9062912068545685, 
                    0.0
                ], 
                [
                    0.8245959281921387, 
                    5.374900817871094, 
                    0.6450092792510986, 
                    1.0
                ]
            ], 
            [
                [
                    0.9980590938859815, 
                    0.004245018374088398, 
                    -0.062129098902987526, 
                    0.0
                ], 
                [
                    -0.004236817366251881, 
                    0.9999909898689106, 
                    0.00026374154275461144, 
                    0.0
                ], 
                [
                    0.06212965869935695, 
                    -1.0842021724855044e-19, 
                    0.998068086610278, 
                    0.0
                ], 
                [
                    1.7833075523376465, 
                    5.616626739501953, 
                    0.2783796787261963, 
                    1.0
                ]
            ]
        ], 
        "foot_R0_inpivot": [
            [
                "bodyMergedShape.vtx[97162]", 
                "bodyMergedShape.vtx[114824]"
            ], 
            [
                [
                    -0.049686389160250116, 
                    -0.010815269995819422, 
                    0.9987063095160283, 
                    0.0
                ], 
                [
                    -0.00648694314080558, 
                    0.9999237717612233, 
                    0.010505723940569025, 
                    0.0
                ], 
                [
                    0.9987438021339179, 
                    0.005956559556072439, 
                    0.04975275969582869, 
                    0.0
                ], 
                [
                    -0.9269896221345746, 
                    0.04111535665192534, 
                    1.6740519402030256, 
                    1.0
                ]
            ], 
            [
                [
                    0.33957197491038504, 
                    -0.9252995258508396, 
                    0.16885396446536902, 
                    0.0
                ], 
                [
                    0.8285206723204539, 
                    0.3792371124510512, 
                    0.4119862959825872, 
                    0.0
                ], 
                [
                    -0.4452464142394906, 
                    0.0, 
                    0.89540808049005, 
                    0.0
                ], 
                [
                    -1.0971593856811523, 
                    0.26557624340057373, 
                    1.6151432991027832, 
                    1.0
                ]
            ], 
            [
                [
                    0.7136147288966417, 
                    -0.6606651239679389, 
                    0.2329712700617841, 
                    0.0
                ], 
                [
                    0.62804376029279, 
                    0.7506807536978872, 
                    0.20503521937673178, 
                    0.0
                ], 
                [
                    -0.3103466672272562, 
                    5.5511151231257815e-17, 
                    0.9506234512891709, 
                    0.0
                ], 
                [
                    -1.0612702369689941, 
                    0.29144811630249023, 
                    1.6209378242492676, 
                    1.0
                ]
            ]
        ], 
        "arm_L0_wrist": [
            [
                "bodyMergedShape.vtx[44622]", 
                "bodyMergedShape.vtx[44603]"
            ], 
            [
                [
                    0.5181394240466543, 
                    -0.7593521704265538, 
                    0.39359346859051025, 
                    0.0
                ], 
                [
                    0.8356811828289725, 
                    0.5474557135423022, 
                    -0.04392268634125089, 
                    0.0
                ], 
                [
                    -0.18212220598861364, 
                    0.35167673078891354, 
                    0.918234708071669, 
                    0.0
                ], 
                [
                    5.090900283551099, 
                    10.830528913723935, 
                    0.9885939815578675, 
                    1.0
                ]
            ], 
            [
                [
                    -0.8832277912075766, 
                    -0.32936541202430664, 
                    0.3338069714680101, 
                    0.0
                ], 
                [
                    -0.30809564141449636, 
                    0.944202534079452, 
                    0.11644161790069446, 
                    0.0
                ], 
                [
                    -0.3535332298101216, 
                    -1.3183898417423736e-16, 
                    -0.9354219665049697, 
                    0.0
                ], 
                [
                    4.86268424987793, 
                    10.734691619873047, 
                    1.0591845512390137, 
                    1.0
                ]
            ], 
            [
                [
                    0.8823867629529765, 
                    0.4103467275295746, 
                    -0.23023719024331601, 
                    0.0
                ], 
                [
                    -0.3970531580423434, 
                    0.9119295823723284, 
                    0.10360128610607472, 
                    0.0
                ], 
                [
                    0.2524725534666484, 
                    6.93889390390723e-18, 
                    0.9676040562885371, 
                    0.0
                ], 
                [
                    5.315448760986328, 
                    10.940757751464844, 
                    0.9182567596435547, 
                    1.0
                ]
            ]
        ], 
        "foot_R0_1": [
            [
                "bodyMergedShape.vtx[115146]", 
                "bodyMergedShape.vtx[55992]"
            ], 
            [
                [
                    1.0000000000000002, 
                    -2.6020852139652106e-17, 
                    -9.922618282587337e-16, 
                    0.0
                ], 
                [
                    -6.080205783298709e-16, 
                    1.0, 
                    1.3166551182663966e-14, 
                    0.0
                ], 
                [
                    1.1587952819525071e-15, 
                    -1.4303933471709884e-14, 
                    1.0000000000000002, 
                    0.0
                ], 
                [
                    4.440892098500626e-16, 
                    -2.220446049250313e-16, 
                    -6.245004513516506e-16, 
                    1.0
                ]
            ], 
            [
                [
                    0.9441849535156109, 
                    -0.3280770966934925, 
                    0.029668032962978687, 
                    0.0
                ], 
                [
                    0.3279152559655091, 
                    0.9446509506824035, 
                    0.010303702242685092, 
                    0.0
                ], 
                [
                    -0.03140634426032905, 
                    -4.336808689942018e-18, 
                    0.9995066990972105, 
                    0.0
                ], 
                [
                    -1.1166105270385742, 
                    0.3964165449142456, 
                    -0.011375918984413147, 
                    1.0
                ]
            ], 
            [
                [
                    -0.2855640062824971, 
                    -0.9488208324070522, 
                    0.13487856132936346, 
                    0.0
                ], 
                [
                    -0.8579364351853105, 
                    0.3158148634728719, 
                    0.40522345093927237, 
                    0.0
                ], 
                [
                    -0.4270811064627089, 
                    2.7755575615628914e-17, 
                    -0.9042133202417384, 
                    0.0
                ], 
                [
                    1.3066139221191406, 
                    0.23868083953857422, 
                    -0.04983242601156235, 
                    1.0
                ]
            ]
        ], 
        "foot_L0_1": [
            [
                "bodyMergedShape.vtx[115146]", 
                "bodyMergedShape.vtx[55992]"
            ], 
            [
                [
                    1.0, 
                    3.0357660829594124e-17, 
                    2.0816681711721685e-17, 
                    0.0
                ], 
                [
                    3.3133218391157016e-16, 
                    1.0000000000000002, 
                    8.444633881055097e-15, 
                    0.0
                ], 
                [
                    -4.787836793695988e-16, 
                    -9.761451629647366e-15, 
                    1.0, 
                    0.0
                ], 
                [
                    2.220446049250313e-16, 
                    -2.220446049250313e-16, 
                    -3.469446951953614e-18, 
                    1.0
                ]
            ], 
            [
                [
                    0.9441849535156109, 
                    -0.3280770966934925, 
                    0.029668032962978687, 
                    0.0
                ], 
                [
                    0.3279152559655091, 
                    0.9446509506824035, 
                    0.010303702242685092, 
                    0.0
                ], 
                [
                    -0.03140634426032905, 
                    -4.336808689942018e-18, 
                    0.9995066990972105, 
                    0.0
                ], 
                [
                    -1.1166105270385742, 
                    0.3964165449142456, 
                    -0.011375918984413147, 
                    1.0
                ]
            ], 
            [
                [
                    -0.2855640062824971, 
                    -0.9488208324070522, 
                    0.13487856132936346, 
                    0.0
                ], 
                [
                    -0.8579364351853105, 
                    0.3158148634728719, 
                    0.40522345093927237, 
                    0.0
                ], 
                [
                    -0.4270811064627089, 
                    2.7755575615628914e-17, 
                    -0.9042133202417384, 
                    0.0
                ], 
                [
                    1.3066139221191406, 
                    0.23868083953857422, 
                    -0.04983242601156235, 
                    1.0
                ]
            ]
        ], 
        "finger_L3_root": [
            [
                "bodyMergedShape.vtx[30617]", 
                "bodyMergedShape.vtx[32253]"
            ], 
            [
                [
                    0.06302798400247724, 
                    -0.38930550187992286, 
                    0.04167197290008931, 
                    0.0
                ], 
                [
                    0.3610415134913131, 
                    0.04146042644327719, 
                    -0.15873850340048123, 
                    0.0
                ], 
                [
                    0.1514739339135963, 
                    0.06316734228971263, 
                    0.3610171576249135, 
                    0.0
                ], 
                [
                    5.42408559351222, 
                    9.957198899359499, 
                    0.905114822457983, 
                    1.0
                ]
            ], 
            [
                [
                    -0.005278201063479093, 
                    -0.23185148316007853, 
                    -0.9727368762157654, 
                    0.0
                ], 
                [
                    -0.0012580387973145505, 
                    0.9727511962246419, 
                    -0.23184807004137997, 
                    0.0
                ], 
                [
                    0.999985278857603, 
                    0.0, 
                    -0.0054260545594437826, 
                    0.0
                ], 
                [
                    5.425739288330078, 
                    9.923011779785156, 
                    0.7924892902374268, 
                    1.0
                ]
            ], 
            [
                [
                    -0.8264157714178495, 
                    -0.0781314572907061, 
                    0.5576131706958429, 
                    0.0
                ], 
                [
                    -0.06476705721573249, 
                    0.9969430652658308, 
                    0.04370071987946498, 
                    0.0
                ], 
                [
                    -0.5593229845549481, 
                    -2.60208521396521e-16, 
                    -0.8289498169060328, 
                    0.0
                ], 
                [
                    5.360010147094727, 
                    9.971508026123047, 
                    1.0666728019714355, 
                    1.0
                ]
            ]
        ], 
        "thumb_L0_1_loc": [
            [
                "bodyMergedShape.vtx[55027]", 
                "bodyMergedShape.vtx[36347]"
            ], 
            [
                [
                    0.03143367051069502, 
                    -0.22377744270119698, 
                    0.10686556812481716, 
                    0.0
                ], 
                [
                    0.04063233077276416, 
                    0.1109124813185745, 
                    0.2203000325420592, 
                    0.0
                ], 
                [
                    -0.2446336183121581, 
                    -0.010331833340279045, 
                    0.05032211408149497, 
                    0.0
                ], 
                [
                    5.208881626520685, 
                    10.056643465857361, 
                    2.0140442655971955, 
                    1.0
                ]
            ], 
            [
                [
                    -0.11156674648231535, 
                    -0.3190237418366128, 
                    -0.941157113995276, 
                    0.0
                ], 
                [
                    -0.03755480239608366, 
                    0.947746723626395, 
                    -0.31680559444622325, 
                    0.0
                ], 
                [
                    0.993047077381703, 
                    0.0, 
                    -0.11771789202860417, 
                    0.0
                ], 
                [
                    5.2005157470703125, 
                    10.008277893066406, 
                    1.9206552505493164, 
                    1.0
                ]
            ], 
            [
                [
                    0.14763533295190012, 
                    0.32089616166330676, 
                    0.9355369911948639, 
                    0.0
                ], 
                [
                    -0.05002100332165195, 
                    0.9471143824426682, 
                    -0.3169735727106258, 
                    0.0
                ], 
                [
                    -0.9877761424993403, 
                    5.551115123125784e-17, 
                    0.15587909516392218, 
                    0.0
                ], 
                [
                    5.215295791625977, 
                    10.109977722167969, 
                    2.129566192626953, 
                    1.0
                ]
            ]
        ], 
        "finger_R0_1_loc": [
            [
                "bodyMergedShape.vtx[62056]", 
                "bodyMergedShape.vtx[94634]"
            ], 
            [
                [
                    -0.006799698331564304, 
                    -0.38575821625385626, 
                    0.09171813660352167, 
                    0.0
                ], 
                [
                    -0.39571494008931085, 
                    0.012414750764042505, 
                    0.022878243821551063, 
                    0.0
                ], 
                [
                    0.0251257672418451, 
                    0.09112807713810848, 
                    0.3851392258189244, 
                    0.0
                ], 
                [
                    -5.74848499691248, 
                    9.331879780730638, 
                    1.829618570163546, 
                    1.0
                ]
            ], 
            [
                [
                    0.9898138325298479, 
                    -0.009870895462842352, 
                    0.1420251469118614, 
                    0.0
                ], 
                [
                    0.00977082488826908, 
                    0.9999512815246359, 
                    0.001401983680769224, 
                    0.0
                ], 
                [
                    -0.14203206649759398, 
                    -6.505213034913027e-19, 
                    0.9898620571000906, 
                    0.0
                ], 
                [
                    -5.676883697509766, 
                    9.336967468261719, 
                    1.843432903289795, 
                    1.0
                ]
            ], 
            [
                [
                    -0.9833419802755545, 
                    -0.12151340251549432, 
                    -0.1351778193227656, 
                    0.0
                ], 
                [
                    -0.12038128031786925, 
                    0.992589790905139, 
                    -0.016548544948820413, 
                    0.0
                ], 
                [
                    0.1361869934200083, 
                    3.642919299551294e-17, 
                    -0.9906831495605537, 
                    0.0
                ], 
                [
                    -5.834993362426758, 
                    9.3277587890625, 
                    1.8078460693359375, 
                    1.0
                ]
            ]
        ], 
        "global_C0_root": [
            [
                "bodyMergedShape.vtx[115146]", 
                "bodyMergedShape.vtx[55992]"
            ], 
            [
                [
                    1.0, 
                    0.0, 
                    0.0, 
                    0.0
                ], 
                [
                    0.0, 
                    1.0, 
                    0.0, 
                    0.0
                ], 
                [
                    0.0, 
                    0.0, 
                    1.0, 
                    0.0
                ], 
                [
                    0.0, 
                    0.0, 
                    0.0, 
                    1.0
                ]
            ], 
            [
                [
                    0.9441849535156109, 
                    -0.3280770966934925, 
                    0.029668032962978687, 
                    0.0
                ], 
                [
                    0.3279152559655091, 
                    0.9446509506824035, 
                    0.010303702242685092, 
                    0.0
                ], 
                [
                    -0.03140634426032905, 
                    -4.336808689942018e-18, 
                    0.9995066990972105, 
                    0.0
                ], 
                [
                    -1.1166105270385742, 
                    0.3964165449142456, 
                    -0.011375918984413147, 
                    1.0
                ]
            ], 
            [
                [
                    -0.2855640062824971, 
                    -0.9488208324070522, 
                    0.13487856132936346, 
                    0.0
                ], 
                [
                    -0.8579364351853105, 
                    0.3158148634728719, 
                    0.40522345093927237, 
                    0.0
                ], 
                [
                    -0.4270811064627089, 
                    2.7755575615628914e-17, 
                    -0.9042133202417384, 
                    0.0
                ], 
                [
                    1.3066139221191406, 
                    0.23868083953857422, 
                    -0.04983242601156235, 
                    1.0
                ]
            ]
        ], 
        "finger_L1_1_loc": [
            [
                "bodyMergedShape.vtx[13233]", 
                "bodyMergedShape.vtx[2457]"
            ], 
            [
                [
                    -0.1084535242816669, 
                    -0.3627139581503474, 
                    0.11808586503292584, 
                    0.0
                ], 
                [
                    0.3794440611403241, 
                    -0.11516318135331877, 
                    -0.005244045451659338, 
                    0.0
                ], 
                [
                    0.0390882517260853, 
                    0.1115521407695569, 
                    0.3785446900347531, 
                    0.0
                ], 
                [
                    5.703179556201174, 
                    9.194809725555986, 
                    1.5754196875766953, 
                    1.0
                ]
            ], 
            [
                [
                    0.9188998403998467, 
                    -0.2992274781532086, 
                    -0.2570719736400826, 
                    0.0
                ], 
                [
                    0.28816319969563364, 
                    0.9541818046463006, 
                    -0.08061671056985222, 
                    0.0
                ], 
                [
                    0.2694161347327042, 
                    3.4694469519536136e-17, 
                    0.9630238555434073, 
                    0.0
                ], 
                [
                    5.76966667175293, 
                    9.172409057617188, 
                    1.5504775047302246, 
                    1.0
                ]
            ], 
            [
                [
                    -0.8903841282007914, 
                    0.45001100984989073, 
                    -0.06860171471616681, 
                    0.0
                ], 
                [
                    0.4486812294303343, 
                    0.8930230069902352, 
                    0.03456968821094853, 
                    0.0
                ], 
                [
                    0.07681964986252236, 
                    -1.9775847626135606e-16, 
                    -0.997045004698885, 
                    0.0
                ], 
                [
                    5.624065399169922, 
                    9.215076446533203, 
                    1.5932931900024414, 
                    1.0
                ]
            ]
        ], 
        "meta_L0_1_loc": [
            [
                "bodyMergedShape.vtx[52726]", 
                "bodyMergedShape.vtx[31685]"
            ], 
            [
                [
                    0.011048496101002215, 
                    -0.0405669444972312, 
                    -0.09553888575079603, 
                    0.0
                ], 
                [
                    0.09092379015685109, 
                    0.050123216426113316, 
                    -0.010768124305196792, 
                    0.0
                ], 
                [
                    0.050062161957482934, 
                    -0.08208173445839072, 
                    0.04064226557271451, 
                    0.0
                ], 
                [
                    5.3329086184773615, 
                    10.563194720386736, 
                    1.0212174120288466, 
                    1.0
                ]
            ], 
            [
                [
                    0.8775872748326201, 
                    0.31114746574908303, 
                    -0.3647298035666657, 
                    0.0
                ], 
                [
                    -0.28732120896903857, 
                    0.9503616440902501, 
                    0.11941217826774161, 
                    0.0
                ], 
                [
                    0.38378001241391585, 
                    -6.245004513516506e-17, 
                    0.92342455136929, 
                    0.0
                ], 
                [
                    5.463449478149414, 
                    10.595832824707031, 
                    0.9650156497955322, 
                    1.0
                ]
            ], 
            [
                [
                    -0.6575484173284607, 
                    -0.7096782859336785, 
                    0.25295614114520487, 
                    0.0
                ], 
                [
                    -0.6623572532655306, 
                    0.7045258905634597, 
                    0.25480608032836594, 
                    0.0
                ], 
                [
                    -0.3590444929467356, 
                    -1.6653345369377353e-16, 
                    -0.9333204444801484, 
                    0.0
                ], 
                [
                    5.067243576049805, 
                    10.39931869506836, 
                    1.1239361763000488, 
                    1.0
                ]
            ]
        ], 
        "spine_C0_root": [
            [
                "bodyMergedShape.vtx[41935]", 
                "bodyMergedShape.vtx[13075]"
            ], 
            [
                [
                    1.0000000000000098, 
                    0.0, 
                    4.930380657631324e-32, 
                    0.0
                ], 
                [
                    0.0, 
                    1.0000000000000002, 
                    0.0, 
                    0.0
                ], 
                [
                    -4.930380657631324e-32, 
                    0.0, 
                    1.0000000000000098, 
                    0.0
                ], 
                [
                    -0.002493558655983565, 
                    10.92660244948678, 
                    0.7163174738490716, 
                    1.0
                ]
            ], 
            [
                [
                    -0.07592548444681602, 
                    0.28699055369687615, 
                    -0.954919757309627, 
                    0.0
                ], 
                [
                    0.02274677607547018, 
                    0.9579334121371696, 
                    0.2860876825195589, 
                    0.0
                ], 
                [
                    0.9968540038489532, 
                    2.7755575615628907e-17, 
                    -0.07925966824502417, 
                    0.0
                ], 
                [
                    3.018975257873535e-05, 
                    11.202449798583984, 
                    -0.3494049310684204, 
                    1.0
                ]
            ], 
            [
                [
                    0.033835201319556196, 
                    -0.0366930170125297, 
                    0.9987536241006504, 
                    0.0
                ], 
                [
                    0.0012423522368847154, 
                    0.999326584507046, 
                    0.03667197919940103, 
                    0.0
                ], 
                [
                    -0.9994266534931838, 
                    -1.5612511283791264e-16, 
                    0.03385800182254406, 
                    0.0
                ], 
                [
                    -9.98377799987793e-05, 
                    10.58145523071289, 
                    1.976344108581543, 
                    1.0
                ]
            ]
        ], 
        "thumb_L0_2_loc": [
            [
                "bodyMergedShape.vtx[15093]", 
                "bodyMergedShape.vtx[11]"
            ], 
            [
                [
                    0.03143367051069506, 
                    -0.2237774427011973, 
                    0.1068655681248173, 
                    0.0
                ], 
                [
                    0.040632330772764194, 
                    0.11091248131857459, 
                    0.2203000325420594, 
                    0.0
                ], 
                [
                    -0.2446336183121578, 
                    -0.010331833340279033, 
                    0.05032211408149491, 
                    0.0
                ], 
                [
                    5.258551771195477, 
                    9.703039900847786, 
                    2.1829086757431515, 
                    1.0
                ]
            ], 
            [
                [
                    0.0892239589364463, 
                    -0.8610247410691804, 
                    0.5006750247600316, 
                    0.0
                ], 
                [
                    0.15106098103868615, 
                    0.5085630691140981, 
                    0.8476698559821971, 
                    0.0
                ], 
                [
                    -0.9844895454799594, 
                    -1.1102230246251565e-16, 
                    0.1754432524797206, 
                    0.0
                ], 
                [
                    5.2529449462890625, 
                    9.710521697998047, 
                    2.180239677429199, 
                    1.0
                ]
            ], 
            [
                [
                    0.0892239589364463, 
                    -0.8610247410691804, 
                    0.5006750247600316, 
                    0.0
                ], 
                [
                    0.15106098103868615, 
                    0.5085630691140981, 
                    0.8476698559821971, 
                    0.0
                ], 
                [
                    -0.9844895454799594, 
                    -1.1102230246251565e-16, 
                    0.1754432524797206, 
                    0.0
                ], 
                [
                    5.267877578735352, 
                    9.710430145263672, 
                    2.178530693054199, 
                    1.0
                ]
            ]
        ], 
        "arm_R0_elbow": [
            [
                "bodyMergedShape.vtx[87404]", 
                "bodyMergedShape.vtx[110259]"
            ], 
            [
                [
                    -0.5726178542799626, 
                    -0.8081931344023773, 
                    0.13759596819923373, 
                    0.0
                ], 
                [
                    -0.8190111148703997, 
                    0.5714014806035321, 
                    -0.05216456347768031, 
                    0.0
                ], 
                [
                    0.03646349789236058, 
                    0.14256298772456819, 
                    0.989113849793092, 
                    0.0
                ], 
                [
                    -3.5233088141768043, 
                    13.014559547281058, 
                    0.21792011832096267, 
                    1.0
                ]
            ], 
            [
                [
                    -0.7245580323166816, 
                    0.415828155144041, 
                    -0.5496386114483607, 
                    0.0
                ], 
                [
                    0.3312924081496618, 
                    0.9094432062473738, 
                    0.25131334010134543, 
                    0.0
                ], 
                [
                    0.6043682636503811, 
                    1.1102230246251565e-16, 
                    -0.7967050909164717, 
                    0.0
                ], 
                [
                    -3.809040069580078, 
                    13.208698272705078, 
                    0.07332506775856018, 
                    1.0
                ]
            ], 
            [
                [
                    0.8321505275963733, 
                    -0.3885808329686727, 
                    0.39563927468143256, 
                    0.0
                ], 
                [
                    0.3509361926956675, 
                    0.921414638612483, 
                    0.16684978995161126, 
                    0.0
                ], 
                [
                    -0.42938244966154226, 
                    1.3877787807814457e-17, 
                    0.9031227557329364, 
                    0.0
                ], 
                [
                    -3.14060115814209, 
                    12.77593994140625, 
                    0.40650010108947754, 
                    1.0
                ]
            ]
        ], 
        "finger_R1_0_loc": [
            [
                "bodyMergedShape.vtx[94854]", 
                "bodyMergedShape.vtx[72568]"
            ], 
            [
                [
                    -0.012117951412569522, 
                    -0.3805569185389566, 
                    0.11089382711619632, 
                    0.0
                ], 
                [
                    -0.3944529347302909, 
                    0.0006368113087029392, 
                    -0.04091858551803118, 
                    0.0
                ], 
                [
                    -0.03908825172608485, 
                    0.11155214076955641, 
                    0.37854469003475266, 
                    0.0
                ], 
                [
                    -5.776095079065582, 
                    9.489988942675607, 
                    1.4955696760634067, 
                    1.0
                ]
            ], 
            [
                [
                    0.9624892904620844, 
                    -0.2608297422613399, 
                    0.07471419743044982, 
                    0.0
                ], 
                [
                    0.2600474225936935, 
                    0.9653848173406722, 
                    0.020186442244585382, 
                    0.0
                ], 
                [
                    -0.07739317636697834, 
                    3.469446951953614e-18, 
                    0.9970006500759314, 
                    0.0
                ], 
                [
                    -5.6754150390625, 
                    9.48526382446289, 
                    1.4935641288757324, 
                    1.0
                ]
            ], 
            [
                [
                    -0.9903050614318594, 
                    -0.13728431628649929, 
                    -0.02118730290031443, 
                    0.0
                ], 
                [
                    -0.1372529072061447, 
                    0.9905316837445173, 
                    -0.002936487989590399, 
                    0.0
                ], 
                [
                    0.02138982856178798, 
                    9.996344030316353e-17, 
                    -0.9997712114449473, 
                    0.0
                ], 
                [
                    -5.887331008911133, 
                    9.495140075683594, 
                    1.494521141052246, 
                    1.0
                ]
            ]
        ], 
        "eye_L0_look": [
            [
                "bodyMergedShape.vtx[46533]", 
                "bodyMergedShape.vtx[46533]"
            ], 
            [
                [
                    1.0495082267377407, 
                    0.0, 
                    -6.902532920683776e-31, 
                    0.0
                ], 
                [
                    0.0, 
                    1.0495082267377396, 
                    0.0, 
                    0.0
                ], 
                [
                    -7.888609052210038e-31, 
                    0.0, 
                    1.0495082267377425, 
                    0.0
                ], 
                [
                    0.33488409256641277, 
                    18.57862004314299, 
                    8.900072056295013, 
                    1.0
                ]
            ], 
            [
                [
                    0.016157458542167547, 
                    0.11023156984254606, 
                    0.9937745909126003, 
                    0.0
                ], 
                [
                    -0.001791982483468416, 
                    0.9939059316706224, 
                    -0.11021700317433356, 
                    0.0
                ], 
                [
                    -0.9998678539348274, 
                    -1.179611963664229e-16, 
                    0.016256526928065562, 
                    0.0
                ], 
                [
                    0.020979054301278666, 
                    18.129180908203125, 
                    2.3966846466064453, 
                    1.0
                ]
            ], 
            [
                [
                    0.016157458542167547, 
                    0.11023156984254606, 
                    0.9937745909126003, 
                    0.0
                ], 
                [
                    -0.001791982483468416, 
                    0.9939059316706224, 
                    -0.11021700317433356, 
                    0.0
                ], 
                [
                    -0.9998678539348274, 
                    -1.179611963664229e-16, 
                    0.016256526928065562, 
                    0.0
                ], 
                [
                    0.020979054301278666, 
                    18.129180908203125, 
                    2.3966846466064453, 
                    1.0
                ]
            ]
        ], 
        "tongue_C0_root": [
            [
                "bodyMergedShape.vtx[15929]", 
                "bodyMergedShape.vtx[45240]"
            ], 
            [
                [
                    0.09037487609263269, 
                    -5.016813414284274e-18, 
                    1.0033626828568612e-17, 
                    0.0
                ], 
                [
                    1.143874308808901e-17, 
